2.017707077205767251e+51
-3.462840881353864890e+56
-3.990427107026963752e+48
5.896456434184968675e+53
3.561516015611639945e+45
-4.521464801488604261e+50
-1.875049681553640363e+42
2.061732223030123617e+47
6.462618492515126033e+38
-6.216408972347565560e+43
-1.540507659089425529e+35
1.303131910372639863e+40
2.625656741422491897e+31
-1.942584876400664386e+36
-3.264661152941784658e+27
2.067616199171613478e+32
2.978645449221590242e+23
-1.550898025826150164e+28
-1.959873354381702349e+19
7.916054489808896797e+23
8.764884589239060000e+14
-2.556142726741832499e+19
-2.299528285528425980e+10
4.469664700618295625e+14
2.049457836802299425e+05
-3.195948890510197639e+09
3.874496859968161289e+00
4.899216870911300794e+04
-7.518891927926334715e-05
-1.484471328991638153e-02
2.137221351514030401e-10
