0.000000000000000000e+00
0.000000000000000000e+00
1.996007984031935856e-01
5.988023952095808955e-01
1.197604790419161791e+00
4.391217564870260048e+00
8.183632734530938535e+00
1.576846307385229551e+01
2.814371257485029787e+01
4.291417165668662648e+01
5.508982035928143972e+01
6.806387225548901654e+01
8.043912175648702600e+01
8.882235528942116787e+01
9.361277445109780615e+01
9.421157684630739482e+01
9.201596806387225058e+01
8.463073852295408983e+01
7.864271457085828843e+01
6.626746506986027896e+01
5.229540918163672814e+01
3.592814371257485107e+01
2.155688622754491135e+01
1.157684630738522991e+01
6.387225548902194738e+00
1.996007984031936022e+00
1.197604790419161791e+00
0.000000000000000000e+00
0.000000000000000000e+00
0.000000000000000000e+00
0.000000000000000000e+00
